1 3 2 4 
228
Czas obliczen: 0.02593s
1 45 30 28 18 25 10 21 6 48 5 13 31 7 2 4 37 49 27 46 32 33 50 23 34 41 26 22 47 9 11 29 42 17 38 19 20 39 16 24 36 14 43 8 40 3 35 12 44 15 
3026
Czas obliczen: 0.059839s
38 1 28 6 22 10 20 35 37 11 21 49 3 29 46 17 43 18 19 13 25 5 47 27 7 32 34 24 44 26 16 14 41 9 39 8 50 45 40 33 2 42 31 12 30 23 48 4 15 36 
3665
Czas obliczen: 1.87898s
41 40 39 38 37 36 35 34 33 32 31 30 29 28 3 50 49 48 47 46 45 44 43 25 2 1 42 27 26 24 23 22 21 20 19 18 17 16 15 14 13 12 11 10 9 8 7 6 5 4 
3309
Czas obliczen: 0.051861s
1 34 39 15 32 41 26 5 46 37 33 17 24 27 21 20 42 43 48 13 29 36 4 11 16 50 10 25 18 2 28 6 19 49 40 9 44 38 3 7 30 8 47 31 35 12 45 23 22 14 
3191
Czas obliczen: 0.045877s
1 44 25 35 28 4 30 45 43 46 10 9 2 40 16 17 3 20 8 27 38 14 6 36 7 21 48 5 37 24 26 34 50 41 39 23 12 22 13 47 18 11 49 15 19 42 32 33 31 29 
3618
Czas obliczen: 0.048869s
19 36 46 4 38 39 5 6 26 3 29 8 40 15 11 9 12 13 49 2 44 28 42 47 10 30 50 23 43 27 35 17 14 37 18 16 45 41 31 32 21 7 24 33 22 25 20 1 34 48 
3446
Czas obliczen: 0.046875s
